Sequence number:   23
Version:            8
Test Image:         5
Repetitions:        5
ChBeforeTxPower:    1
Channel sweep:      1
TxPower sweep:      1
First channel:      0
Last channel:      39
First TxPower:      5
Last TxPower:       0
Synch TxPower:      5
TxPower step:       1
Extra delay:       80 ms
Include VBatt:      1
Bandwidth:          3
UseAll80Channels:   0
Num of packets:    16
Initial osc cal:   80

Ch 40    00  01  02  03  04  05  06  07  08  09  10  11  12  13  14  15  16  17  18  19  20  21  22  23  24  25  26  27  28  29  30  31  32  33  34  35  36  37  38  39  VBatt

Tx  5    16  16  16  16  16  16  16  16  16  16  16  16  16  16  16  16  16  16  16  16  16  16  16  16  16  16  16  16  16  16  16  16  16  16  16  16  16  16  16  16  1.411
Tx  4    15  16  16  16  16  16  16  16  16  16  16  16  16  16  16  16  16  16  16  16  16  16  16  16  16  16  16  16  16  16  16  16  16  16  16  16  16  16  16  16  1.437
Tx  3    16  15  16  16  16  16  16  16  16  16  16  16  16  16  16  16  16  16  16  16  16  16  16  16  16  16  16  16  16  16  16  16  16  16  16  16  16  16  16  16  1.437
Tx  2     9   9  12  12  12  15  14  14  15  16  15  15  16  16  16  16  16  15  16  16  16  16  16  16  15  16  16  16  16  15  16  16  15  16  15  16  15  16  16  16  1.437
Tx  1     1   2   2   2   6   4   3   6   8  10   7  11   9  10  15  15  11  12  13   6  14  12  15  14  15  14  12  13  13  14  15  12  12  11  12  12   6  11   7   8  1.421
Tx  0     0   0   0   0   0   0   0   0   2   0   0   1   0   4   2   2   3   1   6   0   3   4   4   7   1   5   1   4   3   3   3   4   3   3   1   2   2   1   1   0  1.424

Tx  5    16  16  16  16  16  16  16  16  16  16  16  16  16  16  16  16  16  16  16  16  16  16  16  16  16  16  16  16  16  16  16  16  16  16  16  16  16  16  16  16  1.456
Tx  4    16  16  16  16  16  16  16  16  16  16  16  16  16  16  16  16  16  16  16  16  16  16  16  16  16  16  16  16  16  16  16  16  16  16  16  16  16  16  16  16  1.459
Tx  3    14  15  15  16  16  16  16  16  16  16  16  16  16  16  16  16  16  16  16  16  16  16  16  16  16  16  16  16  16  16  16  16  16  16  16  16  16  16  16  16  1.459
Tx  2    11  12  12  10  10  14  14  16  14  15  16  16  16  16  15  16  16  16  16  15  16  16  16  15  16  16  16  16  16  16  16  16  16  16  16  16  16  16  14  15  1.456
Tx  1     1   1   0   1   3   4   7   9  11   9  12  11   9  11  13  13  14  13  16   9  13  14  14  15  13  13  14  15  14  14   9  15  14  12   8  12  10  10  13   8  1.437
Tx  0     0   0   0   0   0   0   0   0   0   0   0   0   1   2   4   1   4   2   2   0   3   7   6   5   5   3   3   3   3   2   2   2   4   1   2   3   0   1   0   1  1.437

Tx  5    16  16  16  16  16  16  16  16  16  16  16  16  16  16  16  16  16  16  16  16  16  16  16  16  16  16  16  16  16  16  16  16  16  16  16  16  16  16  16  16  1.466
Tx  4    16  16  16  16  16  16  16  16  16  16  16  16  16  16  16  16  16  16  16  16  16  16  16  16  16  16  16  16  16  16  16  16  16  16  16  16  16  16  16  16  1.466
Tx  3    15  15  16  16  15  16  16  16  16  16  16  16  16  16  16  16  16  16  16  16  16  16  16  16  16  16  16  16  16  16  16  16  16  16  16  16  16  16  16  16  1.469
Tx  2     7  11  15  11  12  15  16  16  15  15  15  15  16  16  16  15  16  16  16  15  15  16  15  16  16  16  16  16  15  16  16  16  16  16  16  16  16  15  15  16  1.459
Tx  1     0   2   2   2   4   5   6   4   9  11  12  10  12  15  13  14  12  15  15   8  14  11  13  13  12  14  13  15  16  13  13  13  14  13  10  11   8  13   6   9  1.443
Tx  0     0   0   0   0   0   0   0   0   0   1   1   0   3   1   3   4   1   2   4   0   5   4   6   7   6   5   7   1   2   4   3   4   1   3   1   2   1   1   0   0  1.440

Tx  5    16  16  16  16  16  16  16  16  16  16  16  16  16  16  16  16  16  16  16  16  16  16  16  16  16  16  16  16  16  16  16  16  16  16  16  16  16  16  16  16  1.469
Tx  4    16  16  16  16  16  16  16  16  16  16  16  16  16  16  16  16  16  16  16  16  16  16  16  16  16  16  16  16  16  16  16  16  16  16  16  16  16  16  16  16  1.469
Tx  3    15  16  16  16  16  16  16  16  16  16  16  16  16  16  16  16  16  16  16  16  16  16  16  16  16  16  16  16  16  16  16  16  16  16  16  16  16  16  16  16  1.472
Tx  2    12  13   9  13  12  15  13  14  15  16  15  16  16  16  15  16  16  16  16  15  16  16  16  16  16  16  16  16  16  16  16  16  16  16  15  16  16  16  16  16  1.456
Tx  1     0   0   2   1   5   5   5   7  12   9  12  11   9  14  11  15  14  14  14   6  15  15  13  13  13  13  13  16  15  14  16  14  11  12  12  12  12  10  10  11  1.443
Tx  0     0   0   0   0   0   0   0   0   0   0   1   0   1   2   1   3   2   2   6   0   5   3   3   2   5   5   5   5   6   2   2   0   2   1   2   1   1   2   1   1  1.443

Tx  5    16  16  16  16  16  16  16  16  16  16  16  16  16  16  16  16  16  16  16  16  16  16  16  16  16  16  16  16  16  16  16  16  16  16  16  16  16  16  16  16  1.459
Tx  4    16  16  16  16  16  16  16  16  16  16  16  16  16  16  16  16  16  16  16  16  16  16  16  16  16  16  16  16  16  16  16  16  16  16  16  16  16  16  16  16  1.462
Tx  3    15  15  16  16  16  16  16  16  16  16  16  16  16  16  16  16  16  16  16  16  16  16  16  16  16  16  16  16  16  16  16  16  16  16  16  16  16  16  16  16  1.462
Tx  2     9  11  12  14  11  12  13  15  16  16  15  16  16  16  16  15  16  16  16  16  16  16  16  16  15  16  16  16  16  16  16  16  16  16  15  16  16  16  16  16  1.453
Tx  1     0   0   1   3   4   7   5   8  10   8  11  14  14  15  12  10  14  14  14  12  15  14  13  15  10  14  14  15  10  12  16  16  13  16  15  10  12  11  10   9  1.446
Tx  0     0   0   0   0   0   0   0   1   0   1   0   1   0   0   2   5   2   4   3   0   5   6   3   3   2   4   2   5   4   4   5   3   2   1   2   2   1   1   1   0  1.440

